0 48 48 0.56506 0.244668 
1 50 50 0.56525 0.252413 
2 56 56 19.980873 0.46157 
3 55 55 20.254481 0.816985 
4 46 46 0.341094 0.284088 
5 45 45 0.47833 0.24361 
6 47 47 1.494431 0.235125 
7 53 53 7.302978 0.438563 
8 51 51 2.358217 0.301363 
9 51 51 0.956327 0.312788 
10 55 55 30.884471 0.843556 
11 53 53 2.849296 0.550599 
12 55 55 64.157553 1.369101 
13 57 57 5.555056 0.462512 
14 55 55 17.354096 0.682059 
15 51 51 4.564266 0.237685 
16 45 45 0.561318 0.237684 
17 46 46 0.379685 0.216649 
18 45 45 0.377516 0.263274 
19 47 47 0.466362 0.255849 
20 53 53 10.205574 0.447629 
21 49 49 1.802078 0.242276 
22 52 52 5.699376 0.36078 
23 52 52 4.761354 0.658282 
24 51 51 2.166796 0.246629 
25 55 55 8.078973 0.743338 
26 56 56 169.361271 0.771318 
27 56 56 6.571245 1.239621 
28 48 48 0.810431 0.236131 
29 46 46 0.648077 0.225295 
30 52 52 3.864707 0.329112 
31 54 54 6.381029 3.488926 
32 55 55 0.565623 0.272817 
33 55 55 14.221483 0.749758 
34 51 51 0.839039 0.266902 
35 49 49 0.848215 0.305494 
36 56 56 53.857217 0.789688 
37 53 53 11.652908 0.645669 
38 55 55 1.493673 0.522479 
39 57 57 53.962682 0.360195 
40 46 46 0.562162 0.241169 
41 46 46 0.983284 0.233107 
42 47 47 0.697804 0.249609 
43 45 45 0.699344 0.223742 
44 50 50 0.383857 0.280996 
45 51 51 3.206304 0.324035 
46 54 54 5.213538 0.304853 
47 55 55 23.849968 0.493441 
48 45 45 0.42854 0.221057 
49 47 47 0.296178 0.240144 
50 57 57 1.286677 0.380731 
51 55 55 1.795666 0.754717 
52 54 54 0.74477 0.291332 
53 52 52 0.928464 0.406852 
54 47 47 0.866728 0.228666 
55 52 52 0.760975 0.319146 
56 49 49 3.636586 0.315655 
57 54 54 1.062331 0.250401 
58 54 54 7.838476 1.000099 
59 57 57 11.422806 2.37121 
60 45 45 0.462625 0.209167 
61 48 48 0.898557 0.226464 
62 51 51 0.893956 0.23688 
63 53 53 14.614334 0.279228 
64 53 53 3.116142 0.263661 
65 56 56 18.217631 0.75844 
66 47 47 0.615272 0.239308 
67 47 47 0.504392 0.23555 
68 47 47 0.391472 0.23769 
69 45 45 0.600155 0.262787 
70 53 53 2.798186 0.833809 
71 56 56 29.117771 1.479301 
72 56 56 63.759826 0.259091 
73 56 56 42.532827 2.27238 
74 56 56 5.042007 0.710919 
75 56 56 43.284748 1.250989 
76 56 56 23.590215 2.659179 
********
0 0 0 0.0519340000001 0.00194699999997 
1 0 0 0.0697210000001 0.00353899999993 
2 0 0 0.0898980000001 0.00196299999993 
3 2 5 0.17805 0.246623 
4 0 0 0.04025 0.00156600000003 
5 0 0 0.0428840000001 0.00163199999997 
6 0 0 0.044668 0.00245300000006 
7 0 0 0.075505 0.002297 
8 0 0 0.066107 0.00198899999998 
9 0 0 0.0652 0.00172200000009 
10 0 0 0.059379 0.00179900000001 
11 2 2 0.13424 0.117478 
12 6 6 0.187891 0.126408 
13 3 4 0.131241 0.155979 
14 2 2 0.3785 0.089531 
15 0 0 0.0536069999999 0.00161500000002 
16 0 0 0.0441480000001 0.001846 
17 0 0 0.043992 0.00165800000002 
18 0 0 0.051451 0.00194899999997 
19 0 0 0.0532129999999 0.00187000000005 
20 0 0 0.053951 0.00173700000005 
21 2 1 0.160647 0.041696 
22 0 0 0.0534379999999 0.001575 
23 0 0 0.049234 0.00150200000007 
24 0 0 0.053491 0.00166200000001 
25 6 8 0.219987 0.153836 
26 3 5 0.578524 0.21846 
27 1 3 0.058225 0.144914 
28 0 0 0.0541459999999 0.00204200000007 
29 0 0 0.0497959999999 0.001892 
30 0 0 0.060194 0.00169000000005 
31 5 5 0.288167 0.130709 
32 0 0 0.0489219999999 0.00157100000001 
33 6 5 0.544671 0.218975 
34 0 0 0.062799 0.00185699999997 
35 0 0 0.051932 0.00169800000003 
36 3 3 0.28174 0.174235 
37 6 5 0.146564 0.221138 
38 3 3 0.101953 0.116459 
39 1 1 0.430345 0.052808 
40 0 0 0.041115 0.00155499999994 
41 0 0 0.041573 0.00157400000001 
42 0 0 0.043726 0.0017069999999 
43 0 0 0.051566 0.00192400000003 
44 0 0 0.064979 0.00225599999999 
45 0 0 0.06238 0.00196100000005 
46 0 0 0.0528009999999 0.00173900000004 
47 4 5 0.551252 0.151052 
48 0 0 0.041349 0.00157899999999 
49 0 0 0.044685 0.00156300000003 
50 1 1 0.060276 0.079462 
51 1 1 0.0566669999999 0.440842 
52 1 1 0.060687 0.043676 
53 0 0 0.049267 0.00161700000001 
54 0 0 0.04503 0.00161000000003 
55 0 0 0.0495060000001 0.001756 
56 1 1 0.14459 0.043995 
57 1 1 0.099615 0.044623 
58 0 0 0.054154 0.00168499999995 
59 2 2 0.113264 0.116008 
60 0 0 0.042913 0.00164099999995 
61 0 0 0.0431199999999 0.00157000000002 
62 0 0 0.049378 0.00165700000002 
63 0 0 0.059117 0.00164800000005 
64 0 0 0.057135 0.00175400000001 
65 2 2 0.275906 0.148434 
66 0 0 0.044344 0.00183000000004 
67 0 0 0.045626 0.001711 
68 0 0 0.04693 0.00186900000006 
69 0 0 0.049658 0.00214400000004 
70 0 0 0.06322 0.00203099999999 
71 2 2 0.170823 0.047766 
72 0 0 0.050437 0.00166899999999 
73 2 2 0.41727 0.125438 
74 3 2 0.076289 0.065687 
75 4 5 0.468559 0.201558 
76 6 7 0.317075 0.344872 
********
0 0 0 0.073666 0.00171699999999 
1 0 0 0.085155 0.00163800000007 
2 0 0 0.0824260000001 0.00154599999996 
3 2 3 5.74328 6.57367 
4 0 0 0.062148 0.00155300000006 
5 0 0 0.057519 0.00154799999996 
6 0 0 0.060953 0.00174299999992 
7 0 0 0.103744 0.00162599999999 
8 0 0 0.0749910000001 0.00163999999995 
9 0 0 0.0688369999999 0.0025270000001 
10 0 0 0.081403 0.00149500000009 
11 2 2 3.709613 3.629882 
12 6 6 5.459629 3.813552 
13 2 2 1.350321 2.079474 
14 2 2 4.639176 4.772845 
15 0 0 0.091542 0.00175300000001 
16 0 0 0.0673430000001 0.00177499999995 
17 0 0 0.069927 0.00189900000009 
18 0 0 0.061092 0.00164700000005 
19 0 0 0.068676 0.00168400000007 
20 0 0 0.073302 0.00155600000005 
21 2 3 3.469438 4.702133 
22 0 0 0.0726529999999 0.00157999999999 
23 0 0 0.078177 0.00168799999994 
24 0 0 0.078144 0.001712 
25 6 8 5.110164 5.094237 
26 3 5 9.642238 7.865359 
27 1 3 0.0934629999999 3.923513 
28 0 0 0.069866 0.00156900000002 
29 0 0 0.059486 0.001666 
30 0 0 0.080995 0.00220400000001 
31 5 5 10.469913 8.258481 
32 0 0 0.086273 0.00173600000005 
33 6 6 24.247332 13.099503 
34 0 0 0.0657220000001 0.00155599999994 
35 0 0 0.0670009999999 0.00157399999989 
36 3 3 12.059411 12.62345 
37 4 4 4.76673 2.693438 
38 2 2 3.424927 3.512862 
39 1 1 18.028473 2.040501 
40 0 0 0.0690850000001 0.00164900000004 
41 0 0 0.0567639999999 0.0015820000001 
42 0 0 0.0617580000001 0.00160900000014 
43 0 0 0.0691550000001 0.00195800000006 
44 0 0 0.0629960000001 0.00164100000006 
45 0 0 0.0770089999999 0.00160499999993 
46 0 0 0.0856650000001 0.00218000000018 
47 4 5 11.091228 7.500801 
48 0 0 0.062457 0.00148300000001 
49 0 0 0.0569030000001 0.00144299999988 
50 1 1 1.398272 1.468028 
51 1 1 0.0970260000001 35.503129 
52 0 0 0.0651280000002 0.00170200000002 
53 0 0 0.0782919999999 0.00202400000012 
54 0 0 0.083897 0.00214800000003 
55 0 0 0.0935449999999 0.001667 
56 1 1 1.770596 1.609952 
57 0 0 0.0809870000001 0.001577 
58 0 0 0.0871379999999 0.00158600000009 
59 1 3 0.17254 3.344475 
60 0 0 0.061514 0.00152300000013 
61 0 0 0.072449 0.00159200000007 
62 0 0 0.067734 0.00164999999993 
63 0 0 0.0784200000001 0.00178199999982 
64 0 0 0.0927279999999 0.00158399999987 
65 0 0 0.085503 0.00162900000009 
66 0 0 0.066157 0.00183600000014 
67 0 0 0.0565239999999 0.00152299999991 
68 0 0 0.069759 0.00259200000005 
69 0 0 0.0747350000001 0.00157100000001 
70 0 0 0.0709959999999 0.00173600000016 
71 2 1 4.945517 1.255472 
72 0 0 0.078661 0.00156100000004 
73 2 1 9.019971 1.239439 
74 3 2 3.451911 15.733471 
75 4 4 9.930737 8.765831 
76 6 7 14.394666 16.231298 
********
0 0 0 0.08034 0.00150400000007 
1 0 0 0.107447 0.00155300000006 
2 0 0 0.106871 0.00196100000016 
3 2 3 6.672458 8.199004 
4 0 0 0.0778829999999 0.00190900000007 
5 0 0 0.0934159999999 0.00184800000011 
6 0 0 0.0843830000001 0.00164599999994 
7 0 0 0.128125 0.00264100000004 
8 0 0 0.135783 0.00197200000002 
9 0 0 0.0943989999998 0.00187000000005 
10 0 0 0.111547 0.00150600000006 
11 2 2 4.894604 4.728209 
12 6 6 8.946903 4.791529 
13 2 3 1.775965 4.881099 
14 2 2 7.423732 5.382567 
15 0 0 0.115255 0.00160000000005 
16 0 0 0.0762200000001 0.00161899999989 
17 0 0 0.0839820000001 0.00158800000008 
18 0 0 0.075155 0.00163599999996 
19 0 0 0.0829229999999 0.00177800000006 
20 0 0 0.100142 0.001802 
21 2 3 5.982689 6.312252 
22 0 0 0.102198 0.00183900000002 
23 0 0 0.0947699999999 0.00155900000004 
24 0 0 0.095624 0.001802 
25 6 8 7.839651 6.818422 
26 3 6 17.326917 12.089536 
27 1 3 0.141819 4.7139 
28 0 0 0.0824729999999 0.00160300000016 
29 0 0 0.0710569999999 0.00177400000007 
30 0 0 0.103121 0.00211599999989 
31 5 5 12.21444 9.998278 
32 0 0 0.099946 0.00158499999998 
33 6 6 28.730465 15.978915 
34 0 0 0.088035 0.00162900000009 
35 0 0 0.081234 0.00162 
36 3 3 14.740536 14.057391 
37 4 4 7.017905 3.26243 
38 2 2 4.534235 4.50132 
39 1 1 23.155699 2.451631 
40 0 0 0.0717609999999 0.00151100000016 
41 0 0 0.0679419999999 0.00150799999983 
42 0 0 0.0812089999999 0.001575 
43 0 0 0.0872889999998 0.00163599999996 
44 0 0 0.074057 0.00151600000004 
45 0 0 0.0934090000001 0.00160700000015 
46 0 0 0.0971079999999 0.00297299999988 
47 4 5 16.499643 9.416999 
48 0 0 0.074791 0.00153699999987 
49 0 0 0.0750640000001 0.00154399999997 
50 1 1 1.840572 1.822866 
51 1 1 0.106402 1.908838 
52 0 0 0.084963 0.00153099999989 
53 0 0 0.094889 0.00162099999989 
54 0 0 0.0843929999999 0.0016169999999 
55 0 0 0.10075 0.00149699999997 
56 1 1 2.241551 2.017658 
57 0 0 0.0956180000001 0.00161600000001 
58 0 0 0.101497 0.00151299999993 
59 1 3 0.217786 4.21783 
60 0 0 0.071561 0.00156199999992 
61 0 0 0.0832799999998 0.00158099999999 
62 0 0 0.083435 0.00189099999989 
63 0 0 0.0928020000001 0.00162099999989 
64 0 0 0.104064 0.00155300000006 
65 0 0 0.100796 0.0015800000001 
66 0 0 0.080516 0.00189 
67 0 0 0.070739 0.00191699999982 
68 0 0 0.0855379999998 0.00204099999996 
69 0 0 0.0845979999999 0.00163599999996 
70 0 0 0.0898929999998 0.00162600000021 
71 2 1 6.221288 1.66906 
72 0 0 0.10144 0.00162900000009 
73 2 1 12.647378 1.660888 
74 3 2 4.658858 9.164729 
75 4 4 12.755939 9.725605 
76 6 7 16.499209 19.488487 
********
