0 136 48 0.542921 0.240011 
1 129 50 0.559271 0.24554 
2 516 90 1.672122 0.380599 
3 516 206 1.828972 0.777943 
4 64 46 0.341579 0.244721 
5 92 45 0.459385 0.234207 
6 346 47 1.361549 0.234719 
7 510 102 1.74115 0.429564 
8 507 51 1.667839 0.238589 
9 172 54 0.834646 0.254201 
10 512 219 1.4855 0.84972 
11 504 116 1.947712 0.564061 
12 515 361 1.81599 1.371164 
13 511 115 1.624172 0.457872 
14 513 157 1.679275 0.646967 
15 507 51 1.707461 0.242557 
16 120 45 0.542611 0.236511 
17 76 46 0.37601 0.219485 
18 80 55 0.381544 0.263058 
19 89 47 0.446007 0.230088 
20 512 83 1.907796 0.379561 
21 461 49 1.704812 0.235697 
22 518 87 1.936634 0.349747 
23 510 182 2.155408 0.655068 
24 508 51 1.71984 0.246857 
25 515 198 1.699752 0.759943 
26 517 210 1.602525 0.793265 
27 516 299 1.984728 1.216938 
28 168 48 0.788307 0.231115 
29 144 46 0.640871 0.213027 
30 515 72 1.600356 0.313457 
31 512 502 1.963781 1.646082 
32 139 65 0.546991 0.274541 
33 509 149 1.757199 0.69554 
34 210 51 0.728001 0.26093 
35 192 49 0.787255 0.250962 
36 523 210 2.000595 0.739526 
37 515 153 2.081772 0.616516 
38 356 107 1.475586 0.464862 
39 512 84 1.844121 0.36833 
40 120 46 0.544979 0.241201 
41 227 46 0.980827 0.23299 
42 152 47 0.682091 0.251642 
43 133 45 0.588525 0.218814 
44 61 50 0.320471 0.240374 
45 506 66 1.990706 0.306668 
46 517 68 2.213203 0.288187 
47 514 116 2.196771 0.527995 
48 93 45 0.422206 0.230301 
49 54 47 0.300008 0.24359 
50 305 93 1.285937 0.37802 
51 478 209 1.841296 0.864584 
52 189 63 0.748774 0.298607 
53 221 74 1.009914 0.386527 
54 207 47 0.863176 0.243291 
55 150 75 0.870622 0.335322 
56 514 67 1.853039 0.311412 
57 310 54 1.075047 0.248095 
58 509 223 2.071632 0.992769 
59 509 502 1.38052 1.638329 
60 110 45 0.483591 0.224447 
61 208 48 0.899613 0.243596 
62 197 51 0.888573 0.234646 
63 511 58 1.890932 0.272775 
64 509 53 2.071567 0.263276 
65 514 213 1.243492 0.77771 
66 136 47 0.64731 0.228825 
67 106 47 0.481911 0.232048 
68 83 47 0.395876 0.23914 
69 151 55 0.610478 0.262131 
70 511 195 2.052911 0.81778 
71 522 413 1.734587 1.495343 
72 520 56 1.835147 0.254936 
73 519 505 1.675094 1.780199 
74 517 200 1.940958 0.726138 
75 513 325 1.331326 1.254376 
76 515 506 2.010737 1.97526 
********
0 0 0 0.042943 0.00151300000002 
1 0 0 0.046049 0.00151499999998 
2 0 0 0.050431 0.00157999999999 
3 5 10 0.16537 0.225708 
4 0 0 0.041988 0.00154999999998 
5 0 0 0.043416 0.001576 
6 0 0 0.041156 0.00155699999999 
7 0 0 0.061831 0.00160599999998 
8 0 0 0.054219 0.00157799999999 
9 0 0 0.052912 0.00151199999999 
10 0 0 0.055946 0.001519 
11 5 5 0.117931 0.100059 
12 10 8 0.160258 0.113931 
13 4 6 0.10045 0.13413 
14 10 3 0.299737 0.087489 
15 0 0 0.05118 0.001608 
16 0 0 0.04341 0.00161299999999 
17 0 0 0.045087 0.00157899999999 
18 0 0 0.040057 0.001542 
19 0 0 0.047323 0.00153699999998 
20 0 0 0.045674 0.00160599999998 
21 5 1 0.152042 0.044457 
22 0 0 0.058048 0.00196299999999 
23 0 0 0.060316 0.00188399999999 
24 0 0 0.0567 0.001633 
25 9 10 0.165257 0.121888 
26 18 8 0.518777 0.18845 
27 1 6 0.055095 0.137205 
28 0 0 0.043616 0.00152299999999 
29 0 0 0.043325 0.00152499999999 
30 0 0 0.056757 0.001519 
31 13 7 0.257856 0.126065 
32 0 0 0.048007 0.00158199999998 
33 28 12 0.513495 0.187048 
34 0 0 0.044503 0.00151499999998 
35 0 0 0.043598 0.00152800000001 
36 12 7 0.253292 0.155542 
37 8 8 0.12963 0.166317 
38 4 4 0.097958 0.091406 
39 17 1 0.440561 0.052388 
40 0 0 0.039783 0.00158999999999 
41 0 0 0.040021 0.001589 
42 0 0 0.041261 0.001598 
43 0 0 0.040615 0.00152499999999 
44 0 0 0.043026 0.00152100000003 
45 0 0 0.048781 0.00192699999999 
46 0 0 0.044924 0.00154400000002 
47 21 7 0.464072 0.133746 
48 0 0 0.044427 0.00152100000003 
49 0 0 0.041405 0.00168599999998 
50 1 2 0.057685 0.081322 
51 1 26 0.056313 0.401251 
52 1 1 0.054062 0.039776 
53 0 0 0.05461 0.001566 
54 0 0 0.043308 0.00151199999999 
55 0 0 0.048079 0.001577 
56 4 1 0.152684 0.035946 
57 2 1 0.090623 0.043019 
58 0 0 0.047713 0.001565 
59 3 3 0.098981 0.107082 
60 0 0 0.044528 0.00155100000001 
61 0 0 0.041976 0.00187500000001 
62 0 0 0.043182 0.00155800000002 
63 0 0 0.047428 0.00153499999999 
64 0 0 0.050508 0.00190099999998 
65 10 5 0.251833 0.124238 
66 0 0 0.040945 0.00157200000001 
67 0 0 0.046755 0.00150300000001 
68 0 0 0.044899 0.00155699999999 
69 0 0 0.041741 0.00152199999999 
70 0 0 0.053305 0.00164000000001 
71 6 2 0.159971 0.050349 
72 0 0 0.049657 0.00151000000002 
73 14 5 0.369686 0.117868 
74 3 3 0.065563 0.062101 
75 18 11 0.440025 0.203091 
76 15 18 0.29716 0.328139 
********
0 0 0 0.06675 0.00155799999999 
1 0 0 0.080049 0.001577 
2 0 0 0.080815 0.00151199999999 
3 5 6 5.16752 6.110127 
4 0 0 0.070838 0.00157899999999 
5 0 0 0.055771 0.001631 
6 0 0 0.057281 0.001633 
7 0 0 0.099687 0.00152299999999 
8 0 0 0.074721 0.001856 
9 0 0 0.067437 0.001631 
10 0 0 0.0799 0.00150599999998 
11 5 5 3.459028 3.652745 
12 10 8 5.109509 3.736261 
13 2 3 1.273816 1.652534 
14 6 3 4.134693 4.047265 
15 0 0 0.086873 0.00152699999998 
16 0 0 0.065862 0.001577 
17 0 0 0.067374 0.001587 
18 0 0 0.063421 0.00158099999999 
19 0 0 0.066853 0.00151600000001 
20 0 0 0.07149 0.001969 
21 5 4 3.241598 4.449029 
22 0 0 0.064824 0.00153399999999 
23 0 0 0.072889 0.00161299999999 
24 0 0 0.087597 0.00186600000001 
25 9 10 4.844666 4.876898 
26 13 7 9.209597 7.048357 
27 1 6 0.084296 3.30389 
28 0 0 0.063984 0.00151099999999 
29 0 0 0.053013 0.001496 
30 0 0 0.068763 0.001542 
31 8 7 9.666145 7.765254 
32 0 0 0.075667 0.001621 
33 28 13 22.58462 12.026523 
34 0 0 0.06255 0.00157800000005 
35 0 0 0.066351 0.00151399999999 
36 12 12 11.452217 11.623798 
37 6 6 4.368778 2.533331 
38 3 3 3.356151 3.430141 
39 17 1 18.017498 1.98969 
40 0 0 0.069705 0.00196199999999 
41 0 0 0.067007 0.00172500000002 
42 0 0 0.064761 0.00213099999996 
43 0 0 0.070064 0.00163099999997 
44 0 0 0.064231 0.00161100000003 
45 0 0 0.082841 0.00163300000003 
46 0 0 0.076482 0.00162700000004 
47 21 7 10.404197 7.288292 
48 0 0 0.073794 0.00183099999998 
49 0 0 0.061473 0.00156499999997 
50 1 2 1.345416 1.362535 
51 1 36 0.090536 33.859615 
52 0 0 0.06841 0.00158499999998 
53 0 0 0.073331 0.00166400000001 
54 0 0 0.064073 0.00185900000002 
55 0 0 0.079735 0.00157200000001 
56 4 1 1.704791 1.599387 
57 0 0 0.075619 0.00153599999999 
58 0 0 0.085769 0.00152099999997 
59 2 4 0.177766 3.227556 
60 0 0 0.063796 0.00157400000001 
61 0 0 0.072222 0.00152700000001 
62 0 0 0.0640059999999 0.00269700000001 
63 0 0 0.079219 0.00151800000003 
64 0 0 0.083118 0.00175100000001 
65 0 0 0.080551 0.00157199999995 
66 0 0 0.057212 0.001642 
67 0 0 0.060256 0.00155900000004 
68 0 0 0.064672 0.00158599999997 
69 0 0 0.070564 0.001532 
70 0 0 0.071708 0.00187599999998 
71 6 2 4.800827 1.231089 
72 0 0 0.075145 0.00163400000002 
73 14 2 8.558808 1.233768 
74 3 17 3.347985 14.068458 
75 14 12 9.473284 8.628773 
76 15 18 13.000299 15.283952 
********
0 0 0 0.076903 0.001576 
1 0 0 0.09709 0.00152200000002 
2 0 0 0.101206 0.00155000000001 
3 5 6 6.500907 7.666156 
4 0 0 0.071041 0.00153399999999 
5 0 0 0.074297 0.001599 
6 0 0 0.073185 0.001867 
7 0 0 0.110912 0.00157899999999 
8 0 0 0.090248 0.001645 
9 0 0 0.089587 0.00158200000004 
10 0 0 0.100704 0.00152700000001 
11 5 5 4.522535 4.584452 
12 10 8 8.645435 4.594872 
13 2 5 1.619686 4.130211 
14 6 3 7.193176 5.608598 
15 0 0 0.093749 0.00162699999998 
16 0 0 0.0775540000001 0.00160699999992 
17 0 0 0.088095 0.00165600000003 
18 0 0 0.075632 0.00162599999999 
19 0 0 0.078496 0.00159899999994 
20 0 0 0.088195 0.00158499999998 
21 5 4 5.686104 5.926506 
22 0 0 0.091909 0.00162499999999 
23 0 0 0.092458 0.00162699999998 
24 0 0 0.095778 0.00157899999999 
25 7 8 7.615366 6.189163 
26 13 9 16.344368 11.557865 
27 1 6 0.10439 4.529101 
28 0 0 0.07979 0.001623 
29 0 0 0.0676990000001 0.00217999999995 
30 0 0 0.103169 0.00178400000004 
31 8 7 12.223182 10.280017 
32 0 0 0.100976 0.00159799999994 
33 28 13 27.48279 15.515879 
34 0 0 0.090864 0.0020330000001 
35 0 0 0.0935009999999 0.0017519999999 
36 12 12 14.243064 14.131691 
37 6 6 7.055747 3.247836 
38 3 3 4.55321 4.512728 
39 17 1 23.583412 2.514122 
40 0 0 0.0772119999999 0.00160400000004 
41 0 0 0.0726980000001 0.00159199999996 
42 0 0 0.08129 0.00208299999997 
43 0 0 0.084898 0.00160900000003 
44 0 0 0.080605 0.001622 
45 0 0 0.0918809999999 0.00153899999998 
46 0 0 0.0956530000001 0.00208999999995 
47 21 7 17.298095 9.689579 
48 0 0 0.082836 0.00162999999998 
49 0 0 0.078039 0.00190299999997 
50 1 2 1.817998 1.896883 
51 1 2 0.115941 1.900122 
52 0 0 0.089429 0.001801 
53 0 0 0.084166 0.00159199999996 
54 0 0 0.079065 0.00152300000002 
55 0 0 0.094429 0.00150900000006 
56 4 1 2.264917 2.064312 
57 0 0 0.100026 0.00159400000007 
58 0 0 0.104989 0.00167600000009 
59 2 4 0.224659 4.233147 
60 0 0 0.068796 0.00152600000001 
61 0 0 0.083742 0.001575 
62 0 0 0.083451 0.00174900000002 
63 0 0 0.091557 0.00162899999998 
64 0 0 0.102763 0.00151900000003 
65 0 0 0.103489 0.00150900000006 
66 0 0 0.0735079999999 0.00157800000011 
67 0 0 0.0728319999999 0.00198899999998 
68 0 0 0.078061 0.00158199999998 
69 0 0 0.085105 0.0015820000001 
70 0 0 0.093352 0.00156800000002 
71 6 2 6.171496 1.68168 
72 0 0 0.0994460000001 0.00152600000001 
73 14 2 12.864716 1.712915 
74 3 7 4.842017 9.406224 
75 14 12 12.90949 9.920554 
76 15 18 16.826325 19.771815 
********
